D1 : 1.4440858627558377
D10 : 1.5504604292853779
D101 : 0.2720512248147594
D106 : 0.25099916278988027
D108 : 2.288635738867766
D11 : 1.2974549965331854
D110 : 1.5168032409849526
D111 : 0.7966712832993837
D113 : 0.8894391544630488
D118 : 1.5562106574362908
D120 : 3.186631437984516
D121 : 1.3083821273523442
D122 : 0.2635886273620509
D124 : 0.8473787599040369
D126 : 1.1071080831578297
D129 : 1.0821467356860361
D13 : 7.618499706368559
D15 : 16.185153408476815
D18 : 1.8155791003423394
D19 : 7.161359190274137
D20 : 5.121569336019168
D21 : 1.7535635708394073
D22 : 0.9510798884669217
D26 : 1.0101023267213325
D29 : 0.25571363968111194
D3 : 1.7109412809249422
D32 : 5.352006622635383
D34 : 1.806021658326606
D35 : 1.9821723885195273
D36 : 2.160742766474778
D38 : 10.839207397295475
D39 : 0.8399340879309084
D4 : 1.0871255294017454
D40 : 12.485995248885875
D41 : 1.737588728341711
D42 : 2.5711556379274683
D43 : 1.0426647695441382
D5 : 6.129489819650535
D50 : 0.7138627816813754
D51 : 2.257465588672943
D53 : 0.9088728362553264
D54 : 1.561185685705293
D55 : 2.0468288764978335
D58 : 3.8709065432609564
D59 : 1.103423640851296
D7 : 3.05748375529526
D79 : 3.0614391777131758
D8 : 1.4281392074559576
D82 : 3.414889627928464
D84 : 3.2603442442037145
D86 : 0.2540318833918974
D89 : 1.0062963979967237
D9 : 2.791159665958772
D92 : 1.8441046524167544
D93 : 1.9461927761741038
D94 : 0.23121924583023534
D98 : 0.2524952350797492
D99 : 0.2618113620044359
D102 : 0.5754284256573104
D104 : 1.0829170795003136
D105 : 1.8064230535217796
D107 : 0.5657237932938388
D109 : 0.5641260218927721
D112 : 0.7961999782707461
D114 : 1.2741193058707176
D115 : 0.2762327119242067
D117 : 0.28442431226266873
D119 : 4.35902098390165
D12 : 1.348282769040151
D123 : 0.25642205824028025
D130 : 0.5480450760020976
D134 : 0.8385763456219519
D135 : 2.031478213279114
D14 : 0.997960621562046
D16 : 2.194129219859683
D17 : 2.519262335014348
D2 : 0.9106179253491156
D23 : 0.8555527433372897
D24 : 1.1953311651639704
D25 : 0.2986585872260272
D27 : 3.2553418283531985
D31 : 0.8603042601053864
D33 : 2.636744681703192
D37 : 5.478990433890937
D52 : 3.0706648088212924
D57 : 0.815344147051309
D6 : 1.8671830741087994
D60 : 0.3251454172389633
D65 : 1.338940258485432
D67 : 0.27301832279228233
D68 : 0.2635886273620509
D69 : 1.2027457897649623
D73 : 1.5389645898441668
D77 : 5.391988379116278
D81 : 4.115631443099668
D83 : 2.0458241659793086
D85 : 1.608241799349785
D87 : 1.6959600925766756
D88 : 2.0158836773924147
D91 : 1.2538662134235654
D95 : 1.111484536952874
D96 : 0.5263117231277974